1 121.531406366
1 121.416571818
1 121.601343785
1 121.527447882
1 121.532728496
1 121.498148928
1 121.593084265
1 121.497602839
1 121.548193952
1 121.496466681
1 121.55639924
1 121.506884756
1 121.402981483
1 121.49275334
1 121.435236548
1 121.403009709
1 121.567135036
1 121.51637539
1 121.529322519
1 121.531667128
1 121.560449841
1 121.494851738
1 121.617253843
1 121.55759204
1 121.531468097
1 121.416599259
1 121.601345179
1 121.5274423
1 121.532800499
1 121.498121807
1 121.593089355
1 121.497706145
1 121.548162559
1 121.496398244
1 121.556421852
1 121.506893244
1 121.403027157
1 121.492763269
1 121.435229384
1 121.403009709
1 121.567074265
1 121.516406408
1 121.529394486
1 121.531650836
1 121.560341504
1 121.494950529
1 121.617325849
1 121.557646755
1 121.531411662
1 121.416531328
1 121.601320732
1 121.527515137
1 121.532741925
1 121.49815759
1 121.593168584
1 121.497634276
1 121.548190205
1 121.496511082
1 121.556368791
1 121.506889726
1 121.402950898
1 121.492674215
1 121.435266756
1 121.403009709
1 121.567206953
1 121.5163598
1 121.529353677
1 121.531532643
1 121.56049752
1 121.494689868
1 121.617314769
1 121.557623002
1 121.531473393
1 121.41655877
1 121.601322126
1 121.527509555
1 121.532813928
1 121.498130469
1 121.593173674
1 121.497737582
1 121.548158812
1 121.496442645
1 121.556391403
1 121.506898213
1 121.402996571
1 121.492684144
1 121.435259592
1 121.403009709
1 121.567146182
1 121.516390818
1 121.529425645
1 121.531516351
1 121.560389183
1 121.494788659
1 121.617386775
1 121.557677717
1 121.531342855
1 121.416627737
1 121.601366839
1 121.527387534
1 121.532791026
1 121.498264017
1 121.593099589
1 121.4976629
1 121.548237962
1 121.496608229
1 121.556560946
1 121.506947903
1 121.40300157
1 121.49275334
1 121.435277547
1 121.403003345
1 121.567101296
1 121.516416128
1 121.529349399
1 121.53162632
1 121.560388304
1 121.494916527
1 121.617240593
1 121.557573926
1 121.531404585
1 121.416655179
1 121.601368234
1 121.527381951
1 121.53286303
1 121.498236897
1 121.59310468
1 121.497766206
1 121.54820657
1 121.496539791
1 121.556583558
1 121.50695639
1 121.403047244
1 121.492763269
1 121.435270384
1 121.403003345
1 121.567040525
1 121.516447146
1 121.529421367
1 121.531610028
1 121.560279966
1 121.495015318
1 121.617312599
1 121.55762864
1 121.531348151
1 121.416587247
1 121.601343786
1 121.527454788
1 121.532804456
1 121.498272679
1 121.593183908
1 121.497694337
1 121.548234215
1 121.49665263
1 121.556530497
1 121.506952872
1 121.402970985
1 121.492674215
1 121.435307755
1 121.403003345
1 121.567173213
1 121.516400539
1 121.529380558
1 121.531491834
1 121.560435983
1 121.494754657
1 121.617301519
1 121.557604887
1 121.531409881
1 121.416614689
1 121.601345181
1 121.527449206
1 121.532876459
1 121.498245559
1 121.593188998
1 121.497797643
1 121.548202823
1 121.496584192
1 121.556553109
1 121.506961359
1 121.403016658
1 121.492684144
1 121.435300592
1 121.403003345
1 121.567112442
1 121.516431557
1 121.529452525
1 121.531475543
1 121.560327645
1 121.494853448
1 121.617373524
1 121.557659602
2 123.923475552
2 124.396699504
2 123.807557949
2 123.949774264
2 124.029729882
2 124.168181887
2 123.900991794
2 123.987757329
2 123.736481245
2 123.974710916
2 123.809671579
2 124.070998331
2 124.198348542
2 124.111011332
2 124.250728643
2 124.358208505
2 123.756487992
2 124.03814508
2 124.107685535
2 123.96712197
2 123.947752355
2 124.021867864
2 123.856024235
2 124.008000095
2 123.923413983
2 124.396749128
2 123.80757151
2 123.949740582
2 124.029684852
2 124.168162008
2 123.900986725
2 123.987697103
2 123.736513889
2 123.974594634
2 123.809676542
2 124.071025396
2 124.198400268
2 124.111008122
2 124.250710519
2 124.358208505
2 123.756575552
2 124.038114232
2 124.107657134
2 123.967123577
2 123.947797635
2 124.021981072
2 123.855991026
2 124.008012882
2 123.92344478
2 124.396704072
2 123.807474356
2 123.949742855
2 124.029729882
2 124.168125345
2 123.900969865
2 123.987663611
2 123.736477873
2 123.974621731
2 123.80973
2 124.070943995
2 124.198375226
2 124.111010119
2 124.25075374
2 124.35823651
2 123.756460774
2 124.038160782
2 124.107597177
2 123.967211379
2 123.947807712
2 124.021928406
2 123.855935337
2 124.00801074
2 123.923383212
2 124.396753696
2 123.807487918
2 123.949709172
2 124.029684852
2 124.168105466
2 123.900964796
2 123.987603385
2 123.736510516
2 123.97450545
2 123.809734963
2 124.07097106
2 124.198426952
2 124.111006909
2 124.250735616
2 124.35823651
2 123.756548334
2 124.038129934
2 124.107568776
2 123.967212986
2 123.947852992
2 124.022041614
2 123.855902127
2 124.008023527
2 123.923515915
2 124.396601707
2 123.807569597
2 123.949862638
2 124.029638222
2 124.168168283
2 123.900934681
2 123.987752031
2 123.736428328
2 123.974653116
2 123.809673092
2 124.070892915
2 124.198318008
2 124.111011332
2 124.250728643
2 124.358252256
2 123.75649329
2 124.038120456
2 124.107660934
2 123.967081512
2 123.947870899
2 124.021692263
2 123.855965822
2 124.007935335
2 123.923454347
2 124.396651331
2 123.807583158
2 123.949828956
2 124.029593193
2 124.168148404
2 123.900929611
2 123.987691804
2 123.736460971
2 123.974536834
2 123.809678055
2 124.07091998
2 124.198369735
2 124.111008122
2 124.250710519
2 124.358252256
2 123.75658085
2 124.038089608
2 124.107632532
2 123.967083119
2 123.947916179
2 124.02180547
2 123.855932612
2 124.007948122
2 123.923485143
2 124.396606275
2 123.807486004
2 123.949831229
2 124.029638222
2 124.168111741
2 123.900912751
2 123.987658313
2 123.736424955
2 123.974563931
2 123.809731513
2 124.070838579
2 124.198344692
2 124.111010119
2 124.25075374
2 124.358280261
2 123.756466072
2 124.038136158
2 124.107572575
2 123.967170921
2 123.947926256
2 124.021752804
2 123.855876924
2 124.00794598
2 123.923423575
2 124.396655899
2 123.807499566
2 123.949797546
2 124.029593193
2 124.168091862
2 123.900907682
2 123.987598087
2 123.736457598
2 123.97444765
2 123.809736476
2 124.070865644
2 124.198396418
2 124.111006909
2 124.250735616
2 124.358280261
2 123.756553632
2 124.03810531
2 124.107544174
2 123.967172528
2 123.947971536
2 124.021866011
2 123.855843714
2 124.007958767
3 114.544734722
3 114.186593257
3 114.591094918
3 114.522349459
3 114.435603634
3 114.333558344
3 114.505912788
3 114.51340224
3 114.715070867
3 114.528795539
3 114.63377085
3 114.420173687
3 114.398136118
3 114.396222444
3 114.313964613
3 114.238516613
3 114.67636602
3 114.44394844
3 114.361152404
3 114.501092226
3 114.49115377
3 114.483004691
3 114.526685487
3 114.434179946
3 114.544734234
3 114.186515999
3 114.591079978
3 114.522389084
3 114.435577127
3 114.333605273
3 114.505912788
3 114.513359737
3 114.715069602
3 114.528979922
3 114.633743116
3 114.420138145
3 114.398038148
3 114.396215695
3 114.313989979
3 114.238516613
3 114.676339302
3 114.44394844
3 114.361109354
3 114.501107037
3 114.491216462
3 114.482793767
3 114.526646723
3 114.434112217
3 114.544760417
3 114.18662921
3 114.591201514
3 114.5223138
3 114.43559006
3 114.33360641
3 114.505850443
3 114.513463621
3 114.715078084
3 114.528840438
3 114.633743002
3 114.420223785
3 114.398139793
3 114.396302829
3 114.313909464
3 114.238488678
3 114.676321407
3 114.443948326
3 114.36120856
3 114.501136995
3 114.491049981
3 114.483106386
3 114.5267134
3 114.434138271
3 114.544759929
3 114.186551951
3 114.591186575
3 114.522353425
3 114.435563554
3 114.333653339
3 114.505850443
3 114.513421119
3 114.71507682
3 114.529024822
3 114.633715267
3 114.420188243
3 114.398041822
3 114.39629608
3 114.31393483
3 114.238488678
3 114.676294689
3 114.443948326
3 114.361165511
3 114.501151807
3 114.491112673
3 114.482895462
3 114.526674636
3 114.434070542
3 114.544757587
3 114.1866349
3 114.591060212
3 114.522322107
3 114.435631888
3 114.333456659
3 114.505954556
3 114.513347253
3 114.715079439
3 114.528711659
3 114.63360789
3 114.420214738
3 114.398146407
3 114.396222444
3 114.31392365
3 114.238479103
3 114.676394462
3 114.443932147
3 114.361150067
3 114.501173885
3 114.49109684
3 114.483116132
3 114.526757267
3 114.434262769
3 114.544757099
3 114.186557641
3 114.591045273
3 114.522361733
3 114.435605382
3 114.333503588
3 114.505954556
3 114.51330475
3 114.715078174
3 114.528896042
3 114.633580156
3 114.420179197
3 114.398048437
3 114.396215695
3 114.313949016
3 114.238479103
3 114.676367744
3 114.443932147
3 114.361107018
3 114.501188697
3 114.491159532
3 114.482905208
3 114.526718503
3 114.43419504
3 114.544783282
3 114.186670852
3 114.591166809
3 114.522286448
3 114.435618314
3 114.333504724
3 114.505892211
3 114.513408634
3 114.715086656
3 114.528756558
3 114.633580042
3 114.420264837
3 114.398150082
3 114.396302829
3 114.313868501
3 114.238451168
3 114.676349849
3 114.443932033
3 114.361206224
3 114.501218655
3 114.490993051
3 114.483217828
3 114.52678518
3 114.434221094
3 114.544782794
3 114.186593594
3 114.59115187
3 114.522326073
3 114.435591808
3 114.333551654
3 114.505892211
3 114.513366131
3 114.715085391
3 114.528940942
3 114.633552308
3 114.420229295
3 114.398052112
3 114.39629608
3 114.313893867
3 114.238451168
3 114.676323131
3 114.443932033
3 114.361163174
3 114.501233466
3 114.491055743
3 114.483006903
3 114.526746416
3 114.434153365
4 122.843712559
4 125.58188531
4 122.958631591
4 125.185434547
4 124.888079678
4 123.698215
4 123.825189239
4 124.541618268
4 123.458775021
4 124.887950614
4 123.665349534
4 124.800157402
4 123.345122264
4 125.261467454
4 123.248310712
4 125.103757808
4 123.097200685
4 125.315803794
4 123.110773101
4 125.504836185
4 124.436335947
4 123.716464537
4 124.922414346
4 123.599454061
4 124.772950966
4 123.364937478
4 125.061595257
4 123.51704866
4 123.498963447
4 124.872289382
4 123.190220533
4 124.962957813
4 124.656035745
4 123.469277837
4 125.048536463
4 123.252112408
4 122.843772654
4 125.581806105
4 123.644482645
4 124.644269303
4 122.958609812
4 125.185433825
4 124.888078615
4 123.698259581
4 123.825131246
4 124.541618041
4 123.458671694
4 124.888109201
4 123.665344236
4 124.800237619
4 123.338530605
4 125.005744345
4 123.345185565
4 125.261355732
4 123.24831774
4 125.103713119
4 123.097187056
4 125.315813409
4 123.110777428
4 125.504809069
4 124.436314481
4 123.716517986
4 125.061613116
4 123.517022089
4 123.498962788
4 124.872259875
4 123.190326678
4 124.962718543
4 124.656065949
4 123.469335484
4 125.04849632
4 123.252120425
4 122.843658103
4 125.581793784
4 123.742691177
4 124.880069504
4 122.958559977
4 125.185492443
4 123.160733509
4 124.983075009
4 124.888152462
4 123.698108433
4 123.825185487
4 124.541628564
4 123.458699107
4 124.888003131
4 123.665376075
4 124.800136061
4 123.345119881
4 125.261469927
4 123.248339161
4 125.103758061
4 123.097312124
4 125.315743766
4 123.110772642
4 125.504814538
4 124.922419372
4 123.599494778
4 124.773004451
4 123.364884386
4 123.499016971
4 124.872157462
4 123.190162848
4 124.96289908
4 124.656061849
4 123.469278414
4 125.048489823
4 123.252206521
4 122.843718198
4 125.581714579
4 123.742658642
4 124.880109786
4 123.644477166
4 124.644308699
4 122.958538198
4 125.18549172
4 123.160733509
4 124.983075009
4 124.888151399
4 123.698153014
4 123.825127494
4 124.541628338
4 123.458595781
4 124.888161718
4 123.665370777
4 124.800216277
4 123.338476555
4 125.005770676
4 123.345183182
4 125.261358204
4 123.248346189
4 125.103713372
4 123.097298496
4 125.315753381
4 123.110776969
4 125.504787423
4 123.499016312
4 124.872127956
4 123.190268993
4 124.96265981
4 124.656092053
4 123.469336061
4 125.048449681
4 123.252214538
4 124.890588188
4 123.593641186
4 122.843630119
4 125.581920559
4 124.567957992
4 123.674748
4 122.958603818
4 125.185463097
4 124.888106197
4 123.698209304
4 123.825186279
4 124.541628077
4 123.458749078
4 124.887919023
4 123.345153922
4 125.261481484
4 123.248338184
4 125.103757808
4 123.097172326
4 125.315834132
4 123.110771699
4 125.504896301
4 124.436308805
4 123.716464537
4 124.922493586
4 123.599427133
4 124.772951085
4 123.364915963
4 125.061649417
4 123.517024181
4 123.49909801
4 124.872226769
4 123.189998148
4 124.963079924
4 124.656110125
4 123.469214329
4 124.890578908
4 123.593668263
4 122.843690215
4 125.581841354
4 124.567943054
4 123.674774655
4 123.644456246
4 124.644300889
4 122.958582039
4 125.185462375
4 124.888105134
4 123.698253885
4 123.825128286
4 124.54162785
4 123.458645752
4 124.888077609
4 123.338477594
4 125.005786903
4 123.345217223
4 125.261369761
4 123.248345212
4 125.103713119
4 123.097158698
4 125.315843746
4 123.110776026
4 125.504869185
4 124.436287339
4 123.716517986
4 125.061667276
4 123.516997611
4 123.499097351
4 124.872197263
4 123.190104293
4 124.962840653
4 124.65614033
4 123.469271976
4 124.890601779
4 123.593611483
4 122.843575664
4 125.581829033
4 124.56806771
4 123.674661624
4 123.742663857
4 124.880043163
4 122.958532204
4 125.185520993
4 123.160679527
4 124.983121938
4 124.888178981
4 123.698102737
4 123.825182527
4 124.541638373
4 123.458673165
4 124.887971539
4 123.345151539
4 125.261483956
4 123.248366633
4 125.103758061
4 123.097283765
4 125.315774104
4 123.11077124
4 125.504874654
4 124.922498613
4 123.59946785
4 124.77300457
4 123.364862871
4 123.499151534
4 124.87209485
4 123.189940463
4 124.963021191
4 124.656136229
4 123.469214905
4 124.890592498
4 123.59363856
4 122.843635759
4 125.581749828
4 124.568052772
4 123.674688279
4 123.742631323
4 124.880083445
4 123.644450768
4 124.644340285
4 122.958510426
4 125.185520271
4 123.160679527
4 124.983121938
4 124.888177918
4 123.698147318
4 123.825124534
4 124.541638147
4 123.458569839
4 124.888130126
4 123.338423545
4 125.005813234
4 123.34521484
4 125.261372234
4 123.248373661
4 125.103713372
4 123.097270137
4 125.315783718
4 123.110775567
4 125.504847538
4 123.499150875
4 124.872065343
4 123.190046609
4 124.96278192
4 124.656166433
4 123.469272552
5 128.150867773
5 127.730873756
5 126.745202636
5 126.124944257
5 128.698139609
5 128.516049571
5 126.884415117
5 129.940076819
5 128.326108233
5 128.162804123
5 127.829750792
5 128.198919149
5 128.304853215
5 128.013509334
5 128.665765183
5 127.795798515
5 128.137609853
5 127.031024518
5 128.351937552
5 129.340801853
5 128.234879157
5 128.558253913
5 127.276654663
5 126.775425643
5 129.103569178
5 126.321124345
5 128.040153534
5 126.620048707
5 127.32405255
5 128.426207802
5 128.150884802
5 127.814201492
5 127.553681382
5 126.745248466
5 126.124922258
5 128.69810289
5 128.515927221
5 126.884369529
5 128.326041304
5 127.829745955
5 128.198925206
5 128.304924503
5 129.732230543
5 128.013509057
5 128.035564272
5 129.964481796
5 128.665811863
5 127.795809323
5 128.137613198
5 127.160718929
5 127.031008383
5 128.351952542
5 128.234859506
5 128.558278669
5 126.775423467
5 129.103546044
5 126.321133971
5 128.040144696
5 126.620144518
5 128.426153686
5 128.150927065
5 127.730955799
5 127.974931632
5 126.22861339
5 126.74523548
5 126.005858843
5 126.124959836
5 128.698111263
5 127.579263775
5 128.516098516
5 126.884403346
5 129.107113287
5 129.940072941
5 127.663748868
5 128.326115617
5 128.162757002
5 127.829808833
5 128.19889541
5 128.304875098
5 128.013502808
5 128.665765183
5 128.137559314
5 129.340816759
5 128.2349055
5 128.558265756
5 127.276690589
5 129.103569178
5 126.321097222
5 128.040171708
5 127.324128715
5 128.150944094
5 127.974934347
5 127.814210757
5 127.553700372
5 126.228616863
5 126.74528131
5 126.005884181
5 126.124937836
5 128.698074545
5 127.579237919
5 128.515976166
5 126.884357758
5 129.107129888
5 127.663748868
5 128.326048688
5 127.829803996
5 128.198901467
5 128.304946386
5 129.732177996
5 128.013502531
5 128.035549197
5 129.964481796
5 128.665811863
5 128.137562659
5 127.16073737
5 128.234885849
5 128.558290512
5 129.103546044
5 126.321106848
5 128.04016287
5 128.150910019
5 128.340933134
5 127.205721153
5 127.730864428
5 126.493982096
5 128.119053116
5 126.532809926
5 126.745176029
5 128.516053751
5 126.884430295
5 129.9400723
5 128.32615769
5 128.162785253
5 128.198875045
5 127.780507772
5 128.304875441
5 128.665780505
5 127.795856774
5 128.137711902
5 127.031009891
5 128.351947008
5 129.340809917
5 128.234926168
5 128.558220427
5 127.276645017
5 126.775411466
5 129.103483282
5 126.620071268
5 127.324078046
5 128.426222327
5 128.150927048
5 128.34092092
5 127.205634396
5 126.494015102
5 128.119085049
5 126.532803202
5 127.814130862
5 127.553624837
5 126.745221859
5 128.515931401
5 126.884384707
5 128.32609076
5 128.198881102
5 127.78049576
5 128.304946729
5 129.732237914
5 128.035599992
5 129.964478152
5 128.665827185
5 127.795867583
5 128.137715247
5 127.160648861
5 127.030993756
5 128.351961999
5 128.234906517
5 128.558245183
5 126.77540929
5 129.103460149
5 126.620167079
5 128.426168211
5 128.150969311
5 128.340933134
5 127.205730707
5 127.73094647
5 126.493966099
5 128.119066692
5 126.532825051
5 127.974938016
5 126.228585702
5 126.745208873
5 126.005887236
5 127.579248355
5 128.516102695
5 126.884418524
5 129.107104132
5 129.940068422
5 127.663777867
5 128.326165074
5 128.162738132
5 128.198851306
5 127.780452982
5 128.304897325
5 128.665780505
5 128.137661363
5 129.340824824
5 128.234952511
5 128.55823227
5 127.276680944
5 129.103483282
5 127.32415421
5 128.150986341
5 128.34092092
5 127.20564395
5 126.493999106
5 128.119098625
5 126.532818327
5 127.974940731
5 127.814140127
5 127.553643826
5 126.228589174
5 126.745254703
5 126.005912574
5 127.579222499
5 128.515980345
5 126.884372936
5 129.107120733
5 127.663777867
5 128.326098145
5 128.198857363
5 127.780440969
5 128.304968613
5 129.732185367
5 128.035584917
5 129.964478152
5 128.665827185
5 128.137664708
5 127.160667302
5 128.23493286
5 128.558257026
5 129.103460149
6 105.839822968
6 105.837258851
6 105.818289107
6 105.503084599
6 105.557321366
6 105.744229865
6 105.856276092
6 105.72715688
6 106.101329205
6 106.092883884
6 105.780718209
6 105.920758503
6 105.549650311
6 105.999483
6 105.448668716
6 105.556989566
6 105.827930371
6 106.092112237
6 105.571820711
6 105.98771162
6 106.131830458
6 105.81920923
6 105.846441566
6 105.852760952
6 105.809948981
6 105.73311707
6 105.851415096
6 106.088335728
6 105.791781327
6 105.564366702
6 106.009817511
6 105.694518823
6 105.772210066
6 105.596206957
6 105.759865095
6 105.727455221
6 105.839862105
6 105.83721061
6 105.81824199
6 105.503120065
6 105.557330125
6 105.744159418
6 105.688711222
6 105.856286691
6 105.72711643
6 106.101378836
6 106.092909755
6 105.780707114
6 105.549680712
6 105.99958029
6 105.556994272
6 105.827986958
6 106.092025045
6 105.977674175
6 105.57180177
6 105.563860553
6 105.694648268
6 105.987648746
6 106.131856022
6 105.819211651
6 105.846397147
6 105.852728084
6 105.809948981
6 105.851388776
6 106.088286609
6 105.56438944
6 106.009793255
6 105.694501189
6 105.772223345
6 105.596187201
6 105.759669099
6 105.727496806
6 105.83975915
6 105.837168926
6 105.818229797
6 105.503115521
6 105.557294955
6 105.744306111
6 105.869160419
6 105.856358761
6 105.566226478
6 105.727120407
6 106.101310799
6 105.879303434
6 106.092830274
6 105.78073142
6 106.014007108
6 105.92073787
6 105.549627979
6 105.99951626
6 105.448753988
6 105.556943965
6 105.827954856
6 106.092122175
6 105.571844449
6 105.98771721
6 105.819264643
6 105.846435786
6 105.733179613
6 105.851364485
6 106.0884049
6 105.791686107
6 106.009817511
6 105.694545559
6 105.772298913
6 105.596059798
6 105.759794297
6 105.727549857
6 105.839798287
6 105.837120685
6 105.81818268
6 105.503150986
6 105.557303714
6 105.744235665
6 105.688763404
6 105.869180748
6 105.856369361
6 105.566231279
6 105.727079957
6 106.101360429
6 105.879352501
6 106.092856144
6 105.780720325
6 106.014027401
6 105.54965838
6 105.99961355
6 105.55694867
6 105.828011443
6 106.092034982
6 105.977726804
6 105.571825508
6 105.563860553
6 105.694694069
6 105.987654336
6 105.819267064
6 105.846391367
6 105.851338164
6 106.088355781
6 106.009793255
6 105.694527925
6 105.772312192
6 105.596040042
6 105.759598301
6 105.727591442
6 105.83972266
6 105.96574011
6 105.802435611
6 105.83725315
6 105.627709475
6 105.81827935
6 105.503075032
6 105.55730315
6 105.744259484
6 105.856302867
6 106.092815938
6 105.780749209
6 105.920758503
6 105.549627571
6 105.999442915
6 105.448704634
6 105.556832996
6 105.827989838
6 105.979230689
6 106.092148378
6 105.571871
6 105.987743403
6 106.131754473
6 105.819199897
6 105.846467428
6 105.852791948
6 105.809924059
6 105.733103296
6 105.851415096
6 106.088394771
6 105.791799276
6 105.564375008
6 106.009922084
6 105.596228594
6 105.7598497
6 105.727510368
6 105.839761797
6 105.96570354
6 105.802538443
6 105.837204909
6 105.627683235
6 105.818232233
6 105.503110497
6 105.557311908
6 105.744189037
6 105.688776014
6 105.856313467
6 106.092841808
6 105.780738115
6 105.549657972
6 105.999540204
6 105.556837701
6 105.828046425
6 105.979163183
6 106.092061185
6 105.977705351
6 105.571852059
6 105.563811016
6 105.6947151
6 105.987680529
6 106.131780037
6 105.819202319
6 105.846423009
6 105.852759079
6 105.809924059
6 105.851388776
6 106.088345653
6 105.564397746
6 106.009897829
6 105.596208839
6 105.759653704
6 105.727551953
6 105.839658842
6 105.96574011
6 105.802471911
6 105.837163225
6 105.627717112
6 105.81822004
6 105.503105953
6 105.557276739
6 105.74433573
6 105.869221894
6 105.856385537
6 105.566199807
6 105.87924058
6 106.092762327
6 105.780762421
6 106.014056988
6 105.92073787
6 105.549605238
6 105.999476175
6 105.448789906
6 105.556787394
6 105.828014323
6 105.979330053
6 106.092158315
6 105.571894738
6 105.987748993
6 105.81925531
6 105.846461647
6 105.733165839
6 105.851364485
6 106.088463943
6 105.791704055
6 106.009922084
6 105.596081436
6 105.759778902
6 105.727605004
6 105.839697979
6 105.96570354
6 105.802574743
6 105.837114984
6 105.627690872
6 105.818172923
6 105.503141419
6 105.557285498
6 105.744265284
6 105.688828195
6 105.869242222
6 105.856396137
6 105.566204608
6 105.879289647
6 106.092788197
6 105.780751326
6 106.014077282
6 105.549635639
6 105.999573464
6 105.5567921
6 105.82807091
6 105.979262547
6 106.092071123
6 105.97775798
6 105.571875797
6 105.563811016
6 105.6947609
6 105.987686119
6 105.819257731
6 105.846417228
6 105.851338164
6 106.088414825
6 106.009897829
6 105.59606168
6 105.759582906
6 105.727646589
7 109.829242631
7 110.100967914
7 109.786426822
7 106.961144176
7 108.671382485
7 112.119684373
7 106.738330435
7 113.909497965
7 113.564917022
7 107.489868672
7 102.774801364
7 111.230936285
7 109.745729317
7 105.800057351
7 112.144866871
7 115.113312789
7 109.694935809
7 104.259388716
7 106.753826576
7 112.38753157
7 113.922219249
7 113.227860463
7 103.260313188
7 107.053223738
7 109.32203877
7 105.037461788
7 115.184488527
7 111.76300005
7 109.509993845
7 105.952507366
7 110.622402473
7 115.719072022
7 104.944214708
7 108.903276667
7 110.917656613
7 105.545024177
7 109.140784667
7 112.362701055
7 104.551059262
7 110.234933412
7 114.661585096
7 105.817213914
7 104.696196549
7 114.780370104
7 105.401171172
7 109.394499569
7 112.693678713
7 109.829273236
7 110.100976339
7 109.786429572
7 106.961220481
7 105.375473542
7 112.167657791
7 110.517452468
7 104.979123805
7 115.062851061
7 108.671407773
7 112.119643552
7 106.738425951
7 113.90949847
7 113.564901844
7 107.489817279
7 102.774818043
7 111.230977682
7 109.745651642
7 106.753849239
7 112.387461108
7 113.92222253
7 113.227886097
7 103.260357357
7 107.053209395
7 109.322049592
7 105.037470284
7 115.184465438
7 111.762983129
7 109.510004668
7 105.952515725
7 110.6224045
7 115.719002731
7 104.944226584
7 108.903289966
7 110.917679103
7 105.54504759
7 109.140770834
7 109.829219993
7 110.100967914
7 109.786448883
7 107.537346494
7 113.752849393
7 111.958959733
7 102.832883576
7 113.568115128
7 106.961139173
7 108.671382485
7 112.119694178
7 106.738346391
7 113.909412433
7 113.564996836
7 107.489856069
7 102.77479317
7 102.706093486
7 107.383700327
7 113.176433324
7 114.747057169
7 107.431078199
7 111.230953079
7 109.745732348
7 105.800063542
7 112.144844312
7 115.113272711
7 109.694959362
7 104.259417118
7 106.753838006
7 112.387541783
7 113.922196398
7 113.227815079
7 103.260335914
7 107.053245734
7 109.322102703
7 110.622352878
7 109.1408063
7 112.362700957
7 104.551081875
7 110.234933546
7 114.661539144
7 105.817215141
7 104.696193058
7 114.780365977
7 105.401145432
7 109.394568899
7 112.693661959
7 109.829250598
7 110.100976339
7 109.786451633
7 107.537291211
7 113.752859251
7 111.958847626
7 102.832970622
7 113.568127444
7 106.961215478
7 105.375455923
7 112.167687597
7 110.517423469
7 104.979147973
7 115.062847652
7 108.671407773
7 112.119653358
7 106.738441908
7 113.909412938
7 113.564981658
7 107.489804676
7 102.77480985
7 102.706094566
7 107.383635332
7 113.17644089
7 114.747062694
7 107.431084716
7 111.230994475
7 109.745654673
7 106.753860668
7 112.387471321
7 113.922199678
7 113.227840713
7 103.260380084
7 107.053231391
7 109.322113525
7 110.622354906
7 109.140792468
7 109.829263961
7 105.280377567
7 109.117356463
7 115.061051057
7 111.652153865
7 105.525296992
7 110.101014455
7 106.091776466
7 111.059689722
7 104.436590837
7 109.479658618
7 115.82025168
7 109.786379668
7 106.961132665
7 108.671393574
7 112.119684373
7 111.230941458
7 109.745707297
7 105.799996053
7 112.144888462
7 115.113317557
7 109.694953646
7 104.259429602
7 106.753826576
7 109.321974808
7 105.037437044
7 115.184488527
7 111.762989167
7 109.510070725
7 105.952527641
7 110.622359135
7 115.719077254
7 104.94419466
7 108.903343182
7 110.917646959
7 105.545022773
7 109.140762274
7 112.362677178
7 104.550990823
7 110.235002978
7 114.66158772
7 105.817249811
7 104.696182253
7 114.780352738
7 105.401167943
7 109.394510578
7 112.693678702
7 109.829294566
7 105.280354215
7 109.117354088
7 115.061120225
7 111.652108654
7 105.525285327
7 110.101022879
7 106.091784889
7 111.059650382
7 104.436581695
7 109.479679422
7 115.820263369
7 109.786382418
7 106.961208971
7 105.375486104
7 112.167680468
7 110.517452601
7 104.979147496
7 115.062782331
7 108.671418861
7 112.119643552
7 111.230982855
7 109.745629621
7 106.753849239
7 109.32198563
7 105.03744554
7 115.184465438
7 111.762972246
7 109.510081548
7 105.952536
7 110.622361162
7 115.719007963
7 104.944206536
7 108.903356481
7 110.917669448
7 105.545046186
7 109.140748441
7 109.829241323
7 105.280376255
7 109.117371668
7 115.061036497
7 111.652153865
7 105.525296992
7 110.101014455
7 106.091756214
7 111.059690339
7 104.436629066
7 109.479632919
7 115.820238438
7 109.786401729
7 107.537347508
7 113.752895043
7 111.958949388
7 102.832883279
7 113.568092278
7 106.961127663
7 108.671393574
7 112.119694178
7 102.706096925
7 107.383705943
7 113.176455998
7 114.74701713
7 107.431081383
7 111.230958251
7 109.745710327
7 105.800002244
7 112.144865903
7 115.11327748
7 109.694977198
7 104.259458004
7 106.753838006
7 109.32203874
7 110.62230954
7 109.140783907
7 112.36267708
7 104.551013436
7 110.235003112
7 114.661541768
7 105.817251038
7 104.696178762
7 114.780348611
7 105.401142203
7 109.394579908
7 112.693661948
7 109.829271928
7 105.280352903
7 109.117369293
7 115.061105665
7 111.652108654
7 105.525285327
7 110.101022879
7 106.091764638
7 111.059650999
7 104.436619924
7 109.479653723
7 115.820250127
7 109.786404478
7 107.537292225
7 113.752904901
7 111.95883728
7 102.832970325
7 113.568104594
7 106.961203968
7 105.375468485
7 112.167710273
7 110.517423603
7 104.979171665
7 115.062778922
7 108.671418861
7 112.119653358
7 102.706098004
7 107.383640948
7 113.176463563
7 114.747022654
7 107.431087901
7 111.230999648
7 109.745632652
7 106.753860668
7 109.322049562
7 110.622311568
7 109.140770074
8 125.969620163
8 125.440094447
8 125.988300012
8 127.397276927
8 128.138534821
8 125.057539904
8 126.161314952
8 125.326065445
8 127.330367879
8 124.692420057
8 124.027639034
8 125.367064985
8 126.35875355
8 126.612580572
8 125.889652624
8 125.97057138
8 125.312478574
8 124.169972512
8 126.412954631
8 124.278949757
8 125.137630971
8 125.793631609
8 125.947527995
8 127.115128254
8 125.597322634
8 124.838988457
8 125.871206873
8 125.196672577
8 126.922720411
8 127.616396448
8 124.800333503
8 127.977385598
8 125.819666002
8 127.714384241
8 126.387419992
8 125.436762055
8 125.969559437
8 125.440136102
8 126.053671474
8 126.732491361
8 127.397220835
8 128.138595091
8 125.057520678
8 126.16128819
8 125.32616744
8 127.330423899
8 124.692382036
8 124.027699145
8 125.367020104
8 126.612580572
8 125.8895826
8 125.970640814
8 125.312506216
8 124.169968439
8 126.412973943
8 126.387334815
8 124.278920263
8 125.137653538
8 125.793596397
8 125.9475208
8 126.329051851
8 127.115177216
8 125.597309738
8 124.83901375
8 125.871253605
8 125.196699211
8 127.616374076
8 124.800383724
8 127.977393364
8 125.819663353
8 127.71430404
8 125.436782639
8 125.969625731
8 125.440094447
8 125.988300012
8 126.452694614
8 127.883768212
8 127.397160161
8 128.425117316
8 128.138556776
8 125.057581699
8 126.161297778
8 125.326072236
8 127.330366774
8 124.692360169
8 124.027660368
8 126.781538413
8 125.367032569
8 126.358711218
8 126.612568407
8 125.889653148
8 125.970519132
8 125.312443167
8 124.16996674
8 126.412937522
8 124.278901756
8 125.137624587
8 125.793544648
8 125.947524809
8 125.597357597
8 124.83891504
8 125.871229187
8 125.196598831
8 126.922782569
8 124.800333503
8 127.977385598
8 125.8195676
8 126.387409171
8 125.969565006
8 125.440136102
8 126.452683566
8 126.053601455
8 126.732422986
8 127.883745668
8 127.397104069
8 128.425087865
8 128.138617047
8 125.057562473
8 126.161271016
8 125.326174232
8 127.330422794
8 124.692322148
8 124.027720479
8 126.781507665
8 125.366987688
8 126.612568407
8 125.889583124
8 125.970588566
8 125.312470809
8 124.169962667
8 126.412956834
8 126.387349437
8 124.278872262
8 125.137647154
8 125.793509436
8 125.947517613
8 126.329038757
8 125.597344701
8 124.838940333
8 125.871275918
8 125.196625465
8 124.800383724
8 127.977393364
8 125.819564951
8 125.969673591
8 125.44004013
8 126.991273502
8 125.988309878
8 127.837710855
8 125.742625924
8 127.895648553
8 127.397276927
8 125.057552475
8 126.161384443
8 125.326125487
8 127.330321116
8 124.692382627
8 124.027642357
8 125.367053572
8 126.358737456
8 125.889642224
8 125.970595428
8 125.312427875
8 124.169936346
8 124.278890224
8 125.137587924
8 125.793656712
8 125.947440534
8 127.115111858
8 125.597337724
8 124.838993251
8 125.871161079
8 125.19664891
8 126.922712371
8 127.616403408
8 124.800309329
8 125.819652707
8 127.7143399
8 126.387422369
8 125.436696915
8 125.969612865
8 125.440081784
8 126.991256682
8 127.837707352
8 125.742636276
8 127.895619542
8 126.053718656
8 126.732480916
8 127.397220835
8 125.05753325
8 126.161357681
8 125.326227482
8 127.330377136
8 124.692344606
8 124.027702468
8 125.367008691
8 125.8895722
8 125.970664862
8 125.312455517
8 124.169932273
8 126.387351065
8 124.27886073
8 125.13761049
8 125.7936215
8 125.947433339
8 126.329105481
8 127.11516082
8 125.597324829
8 124.839018544
8 125.871207811
8 125.196675544
8 127.616381037
8 124.80035955
8 125.819650059
8 127.714259699
8 125.4367175
8 125.96967916
8 125.44004013
8 126.991227973
8 125.988309878
8 127.837717051
8 125.742666523
8 127.895604887
8 126.45270593
8 127.883732827
8 127.397160161
8 128.425116042
8 125.05759427
8 126.161367269
8 125.326132278
8 127.330320012
8 124.692322739
8 124.027663691
8 126.781532541
8 125.367021156
8 126.358695124
8 125.889642749
8 125.970543179
8 125.312392468
8 124.169930574
8 124.278842222
8 125.13758154
8 125.793569751
8 125.947437348
8 125.597372687
8 124.838919834
8 125.871183393
8 125.196575164
8 126.922774529
8 124.800309329
8 125.819554305
8 126.387411548
8 125.969618434
8 125.440081784
8 126.991211153
8 127.837713548
8 125.742676875
8 127.895575876
8 126.452694882
8 126.053648638
8 126.732412541
8 127.883710283
8 127.397104069
8 128.425086592
8 125.057575044
8 126.161340507
8 125.326234274
8 127.330376032
8 124.692284717
8 124.027723802
8 126.781501793
8 125.366976275
8 125.889572724
8 125.970612613
8 125.31242011
8 124.169926501
8 126.387365687
8 124.278812729
8 125.137604106
8 125.793534539
8 125.947430152
8 126.329092387
8 125.597359792
8 124.838945127
8 125.871230125
8 125.196601798
8 124.80035955
8 125.819551657
9 121.700715398
9 121.773040957
9 121.547724134
9 121.515976909
9 121.818160921
9 121.575873051
9 121.603691083
9 121.686188694
9 121.667362813
9 121.686779
9 121.777309551
9 121.730786188
9 121.662246152
9 121.880042144
9 121.618815898
9 121.651289274
9 121.557731888
9 121.797854808
9 121.436086911
9 121.438451355
9 121.464415082
9 121.664559215
9 121.816767942
9 121.625067683
9 121.378115606
9 121.525754059
9 121.826284317
9 121.401755767
9 121.533461126
9 121.394826712
9 121.799629791
9 121.672655159
9 121.580392981
9 121.514047473
9 121.775236734
9 121.598161567
9 121.688712467
9 121.384563206
9 121.484269793
9 121.678559609
9 121.720506832
9 121.674529773
9 121.821726049
9 121.692609148
9 121.798425961
9 121.577426701
9 121.738708355
9 121.851696672
9 121.700730089
9 121.772993856
9 121.547746841
9 121.515954117
9 121.818152644
9 121.575824103
9 121.603642841
9 121.686156286
9 121.667332089
9 121.686877626
9 121.77733283
9 121.730754645
9 121.662261517
9 121.8800258
9 121.618805069
9 121.65130424
9 121.557720109
9 121.797884935
9 121.436131541
9 121.438491054
9 121.464444866
9 121.66458941
9 121.816665455
9 121.625105215
9 121.378106391
9 121.52574436
9 121.826245737
9 121.40178794
9 121.533445653
9 121.39483286
9 121.799677203
9 121.672638956
9 121.580325683
9 121.513982776
9 121.775236734
9 121.598194196
9 121.688681333
9 121.384427711
9 121.484296348
9 121.678657701
9 121.720538369
9 121.674490765
9 121.821782899
9 121.69259042
9 121.798425961
9 121.577394923
9 121.738699576
9 121.851664373
9 121.70070961
9 121.773117137
9 121.547738526
9 121.51600595
9 121.8181099
9 121.575960176
9 121.603774138
9 121.686218321
9 121.667320465
9 121.686763352
9 121.777257874
9 121.730742251
9 121.662276803
9 121.879962749
9 121.618866903
9 121.651244906
9 121.557699762
9 121.797883265
9 121.436110838
9 121.438552784
9 121.464487411
9 121.664528071
9 121.816853405
9 121.62510808
9 121.378096047
9 121.525707586
9 121.826250412
9 121.40177216
9 121.533583785
9 121.394846649
9 121.799607992
9 121.672577028
9 121.580375762
9 121.514072343
9 121.775135113
9 121.598207827
9 121.688651189
9 121.384660131
9 121.484164535
9 121.678501778
9 121.720524043
9 121.674529773
9 121.821852804
9 121.69253916
9 121.798438437
9 121.577474564
9 121.738755299
9 121.851843117
9 121.700724302
9 121.773070037
9 121.547761232
9 121.515983157
9 121.818101623
9 121.575911229
9 121.603725897
9 121.686185912
9 121.66728974
9 121.686861978
9 121.777281153
9 121.730710708
9 121.662292167
9 121.879946405
9 121.618856074
9 121.651259872
9 121.557687984
9 121.797913392
9 121.436155467
9 121.438592483
9 121.464517194
9 121.664558266
9 121.816750918
9 121.625145612
9 121.378086833
9 121.525697887
9 121.826211831
9 121.401804334
9 121.533568312
9 121.394852797
9 121.799655404
9 121.672560826
9 121.580308464
9 121.514007645
9 121.775135113
9 121.598240456
9 121.688620055
9 121.384524636
9 121.484191089
9 121.67859987
9 121.72055558
9 121.674490765
9 121.821909654
9 121.692520432
9 121.798438437
9 121.577442786
9 121.73874652
9 121.851810819
9 121.700570112
9 121.773036097
9 121.547761704
9 121.516006701
9 121.818172378
9 121.575873051
9 121.603615782
9 121.686188694
9 121.667402726
9 121.686796194
9 121.777197106
9 121.730689561
9 121.66228099
9 121.879976923
9 121.61883151
9 121.651361574
9 121.557731888
9 121.797888245
9 121.43614993
9 121.438483043
9 121.46433207
9 121.664537302
9 121.816784096
9 121.625052681
9 121.378139366
9 121.525785148
9 121.82630778
9 121.401770909
9 121.533539823
9 121.394858342
9 121.799644337
9 121.672673993
9 121.580357678
9 121.514078604
9 121.775205678
9 121.598142227
9 121.688797668
9 121.384563206
9 121.48430981
9 121.67856817
9 121.720453119
9 121.67457555
9 121.82168126
9 121.692656401
9 121.798300108
9 121.577395522
9 121.738700774
9 121.851808731
9 121.700584804
9 121.772988997
9 121.547784411
9 121.515983908
9 121.818164101
9 121.575824103
9 121.603567541
9 121.686156286
9 121.667372002
9 121.68689482
9 121.777220385
9 121.730658017
9 121.662296355
9 121.879960579
9 121.61882068
9 121.65137654
9 121.557720109
9 121.797918372
9 121.43619456
9 121.438522742
9 121.464361853
9 121.664567498
9 121.816681609
9 121.625090213
9 121.378130151
9 121.525775449
9 121.8262692
9 121.401803082
9 121.53352435
9 121.39486449
9 121.799691749
9 121.672657791
9 121.58029038
9 121.514013907
9 121.775205678
9 121.598174856
9 121.688766534
9 121.384427711
9 121.484336364
9 121.678666261
9 121.720484656
9 121.674536542
9 121.821738109
9 121.692637672
9 121.798300108
9 121.577363744
9 121.738691994
9 121.851776433
9 121.700564325
9 121.773112277
9 121.547776095
9 121.516035742
9 121.818121357
9 121.575960176
9 121.603698838
9 121.686218321
9 121.667360377
9 121.686780546
9 121.777145429
9 121.730645624
9 121.662311641
9 121.879897528
9 121.618882515
9 121.651317206
9 121.557699762
9 121.797916701
9 121.436173857
9 121.438584472
9 121.464404398
9 121.664506158
9 121.816869559
9 121.625093077
9 121.378119807
9 121.525738674
9 121.826273875
9 121.401787302
9 121.533662482
9 121.394878279
9 121.799622538
9 121.672595863
9 121.580340458
9 121.514103473
9 121.775104056
9 121.598188487
9 121.68873639
9 121.384660131
9 121.484204551
9 121.678510339
9 121.72047033
9 121.67457555
9 121.821808014
9 121.692586413
9 121.798312585
9 121.577443384
9 121.738747718
9 121.851955177
9 121.700579017
9 121.773065177
9 121.547798802
9 121.516012949
9 121.81811308
9 121.575911229
9 121.603650596
9 121.686185912
9 121.667329653
9 121.686879173
9 121.777168708
9 121.73061408
9 121.662327005
9 121.879881184
9 121.618871686
9 121.651332172
9 121.557687984
9 121.797946828
9 121.436218486
9 121.438624171
9 121.464434181
9 121.664536353
9 121.816767071
9 121.62513061
9 121.378110592
9 121.525728975
9 121.826235294
9 121.401819475
9 121.533647009
9 121.394884427
9 121.79966995
9 121.67257966
9 121.580273161
9 121.514038776
9 121.775104056
9 121.598221116
9 121.688705256
9 121.384524636
9 121.484231106
9 121.67860843
9 121.720501867
9 121.674536542
9 121.821864864
9 121.692567685
9 121.798312585
9 121.577411606
9 121.738738938
9 121.851922878
10 108.147551287
10 108.230395332
10 108.46666472
10 108.600604834
10 108.279430436
10 108.576027529
10 108.413193794
10 108.350459579
10 108.415197506
10 108.24018361
10 108.369739375
10 108.227127885
10 108.408909806
10 108.375021039
10 108.392350277
10 108.285478677
10 108.380005164
10 108.364909237
10 108.435697553
10 108.545962991
10 108.544975169
10 108.227636678
10 108.15727129
10 108.542365906
10 108.457573419
10 108.320581749
10 108.347406629
10 108.49633564
10 108.383264182
10 108.449431881
10 108.222447176
10 108.16568683
10 108.582384049
10 108.414073004
10 108.177193977
10 108.326365129
10 108.206552778
10 108.467997615
10 108.501103518
10 108.60775381
10 108.211670303
10 108.361647257
10 108.423187828
10 108.552681423
10 108.285672609
10 108.567119132
10 108.533068754
10 108.367220053
10 108.147533775
10 108.230451201
10 108.466616749
10 108.600614324
10 108.279439097
10 108.57605884
10 108.413148507
10 108.350472266
10 108.41521532
10 108.240174215
10 108.369704235
10 108.22718011
10 108.408874759
10 108.375009903
10 108.392361314
10 108.285464693
10 108.380016936
10 108.364865825
10 108.435666258
10 108.545952345
10 108.544961547
10 108.227591014
10 108.15733308
10 108.542365906
10 108.457601108
10 108.320600875
10 108.347446511
10 108.496338985
10 108.383260321
10 108.449437334
10 108.222422243
10 108.165711236
10 108.582398839
10 108.414112943
10 108.177181713
10 108.326422579
10 108.206610082
10 108.467993777
10 108.5011012
10 108.607743373
10 108.211764246
10 108.361669005
10 108.423181403
10 108.552600866
10 108.285660104
10 108.567198068
10 108.533028172
10 108.367272587
10 108.147539799
10 108.230395332
10 108.466633585
10 108.600622279
10 108.279439697
10 108.575958234
10 108.413110032
10 108.350459368
10 108.415214309
10 108.240205717
10 108.36970209
10 108.227147066
10 108.409017552
10 108.375093012
10 108.392330708
10 108.285370145
10 108.380007835
10 108.364907223
10 108.435666796
10 108.54593038
10 108.54493465
10 108.227577912
10 108.157250546
10 108.542325094
10 108.457597909
10 108.320563568
10 108.347412185
10 108.496308691
10 108.383245664
10 108.449426264
10 108.222272854
10 108.165673568
10 108.582397033
10 108.414246607
10 108.177147292
10 108.326302512
10 108.206589202
10 108.467921115
10 108.501171644
10 108.607788958
10 108.211670303
10 108.361684454
10 108.423056262
10 108.552750599
10 108.285590817
10 108.567199409
10 108.532999466
10 108.367190439
10 108.147522287
10 108.230451201
10 108.466585614
10 108.600631768
10 108.279448359
10 108.575989545
10 108.413064745
10 108.350472054
10 108.415232123
10 108.240196322
10 108.36966695
10 108.227199292
10 108.408982505
10 108.375081876
10 108.392341744
10 108.28535616
10 108.380019606
10 108.364863811
10 108.435635502
10 108.545919734
10 108.544921028
10 108.227532248
10 108.157312336
10 108.542325094
10 108.457625597
10 108.320582694
10 108.347452067
10 108.496312036
10 108.383241804
10 108.449431718
10 108.222247921
10 108.165697974
10 108.582411824
10 108.414286546
10 108.177135028
10 108.326359961
10 108.206646506
10 108.467917278
10 108.501169326
10 108.607778521
10 108.211764246
10 108.361706202
10 108.423049837
10 108.552670043
10 108.285578313
10 108.567278345
10 108.532958885
10 108.367242973
10 108.147610041
10 108.230333087
10 108.466699177
10 108.600604834
10 108.279454002
10 108.575992665
10 108.41316855
10 108.35044713
10 108.415186346
10 108.24019485
10 108.369814646
10 108.227215677
10 108.408894439
10 108.375037694
10 108.392319201
10 108.285411982
10 108.380005164
10 108.364851447
10 108.435759753
10 108.545931549
10 108.54495739
10 108.227612333
10 108.157294696
10 108.542330186
10 108.457548086
10 108.320557148
10 108.347396369
10 108.496371172
10 108.383189115
10 108.449387224
10 108.222495303
10 108.165667778
10 108.582389003
10 108.414016532
10 108.177186922
10 108.326372035
10 108.206621893
10 108.467928269
10 108.501080908
10 108.6077725
10 108.211660838
10 108.361798295
10 108.423036589
10 108.55263711
10 108.285693315
10 108.567176937
10 108.53311308
10 108.367139515
10 108.147592528
10 108.230388956
10 108.466651207
10 108.600614324
10 108.279462663
10 108.576023976
10 108.413123263
10 108.350459816
10 108.41520416
10 108.240185455
10 108.369779507
10 108.227267902
10 108.408859393
10 108.375026558
10 108.392330238
10 108.285397998
10 108.380016936
10 108.364808034
10 108.435728459
10 108.545920903
10 108.544943768
10 108.227566669
10 108.157356486
10 108.542330186
10 108.457575774
10 108.320576274
10 108.347436251
10 108.496374517
10 108.383185254
10 108.449392677
10 108.222470369
10 108.165692183
10 108.582403793
10 108.41405647
10 108.177174658
10 108.326429484
10 108.206679198
10 108.467924432
10 108.50107859
10 108.607762063
10 108.211754781
10 108.361820043
10 108.423030164
10 108.552556554
10 108.285680811
10 108.567255873
10 108.533072498
10 108.367192049
10 108.147598553
10 108.230333087
10 108.466668042
10 108.600622279
10 108.279463263
10 108.57592337
10 108.413084788
10 108.350446918
10 108.415203149
10 108.240216957
10 108.369777361
10 108.227234858
10 108.409002186
10 108.375109667
10 108.392299632
10 108.28530345
10 108.380007835
10 108.364849433
10 108.435728997
10 108.545898937
10 108.54491687
10 108.227553567
10 108.157273953
10 108.542289374
10 108.457572576
10 108.320538967
10 108.347401924
10 108.496344224
10 108.383170598
10 108.449381607
10 108.22232098
10 108.165654516
10 108.582401987
10 108.414190134
10 108.177140237
10 108.326309417
10 108.206658317
10 108.46785177
10 108.501149034
10 108.607807649
10 108.211660838
10 108.361835491
10 108.422905024
10 108.552706286
10 108.285611524
10 108.567257213
10 108.533043792
10 108.367109901
10 108.14758104
10 108.230388956
10 108.466620072
10 108.600631768
10 108.279471925
10 108.575954681
10 108.413039501
10 108.350459604
10 108.415220963
10 108.240207562
10 108.369742221
10 108.227287084
10 108.408967139
10 108.375098531
10 108.392310669
10 108.285289466
10 108.380019606
10 108.36480602
10 108.435697703
10 108.545888291
10 108.544903248
10 108.227507903
10 108.157335743
10 108.542289374
10 108.457600264
10 108.320558093
10 108.347441806
10 108.496347569
10 108.383166737
10 108.44938706
10 108.222296047
10 108.165678922
10 108.582416778
10 108.414230072
10 108.177127973
10 108.326366867
10 108.206715622
10 108.467847932
10 108.501146716
10 108.607797211
10 108.211754781
10 108.36185724
10 108.422898598
10 108.55262573
10 108.285599019
10 108.567336149
10 108.533003211
10 108.367162435
11 111.570870132
11 111.841507507
11 111.410487748
11 111.633116865
11 111.649817481
11 111.534171572
11 111.393179962
11 111.643255194
11 111.581815787
11 111.384275878
11 111.833979022
11 111.466110693
11 111.860603024
11 111.421171793
11 111.628715483
11 111.828326054
11 111.869116566
11 111.693401425
11 111.570887712
11 111.704379262
11 111.841529879
11 111.410444322
11 111.633174984
11 111.649764054
11 111.534097007
11 111.647516562
11 111.393228909
11 111.643291969
11 111.581819766
11 111.38429856
11 111.833947629
11 111.42118064
11 111.628745639
11 111.82845213
11 111.869027638
11 111.693433346
11 111.571017669
11 111.377216558
11 111.841518377
11 111.840614325
11 111.410523426
11 111.633110274
11 111.649839628
11 111.534166377
11 111.393179962
11 111.643225965
11 111.581766042
11 111.384297936
11 111.466064689
11 111.860603024
11 111.628794023
11 111.828444199
11 111.869089865
11 111.69335586
11 111.57103525
11 111.377208751
11 111.704344324
11 111.841540749
11 111.840614325
11 111.41048
11 111.633168393
11 111.649786201
11 111.534091811
11 111.647543796
11 111.393228909
11 111.64326274
11 111.581770021
11 111.384320618
11 111.628824178
11 111.828570276
11 111.869000936
11 111.693387781
11 111.515696231
11 111.570916763
11 111.748223686
11 111.841507424
11 111.410466371
11 111.633110022
11 111.649875923
11 111.393134252
11 111.64322804
11 111.581813799
11 111.38421702
11 111.834005612
11 111.466056719
11 111.860624602
11 111.421142008
11 111.628643339
11 111.828419299
11 111.86910719
11 111.515678561
11 111.570934344
11 111.748212692
11 111.704374891
11 111.841529796
11 111.410422945
11 111.633168141
11 111.649822497
11 111.647528139
11 111.393183199
11 111.643264815
11 111.581817779
11 111.384239703
11 111.83397422
11 111.421150856
11 111.628673495
11 111.828545375
11 111.869018261
11 111.515712387
11 111.571064301
11 111.748202686
11 111.377270241
11 111.841518294
11 111.8406192
11 111.410502049
11 111.633103431
11 111.64989807
11 111.393134252
11 111.643198811
11 111.581764054
11 111.384239078
11 111.466010714
11 111.860624602
11 111.628721879
11 111.828537445
11 111.869080488
11 111.515694718
11 111.571081881
11 111.748191691
11 111.377262433
11 111.704339953
11 111.841540666
11 111.8406192
11 111.410458623
11 111.63316155
11 111.649844644
11 111.647555373
11 111.393183199
11 111.643235586
11 111.581768034
11 111.38426176
11 111.628752034
11 111.828663521
11 111.86899156
12 130.150202547
12 129.983039959
12 129.984020737
12 129.864871375
12 129.89571456
12 129.824823895
12 129.978930108
12 129.959327393
12 129.916385793
12 130.071882514
12 129.82464502
12 130.042032136
12 129.928024454
12 129.73291647
12 129.985482998
12 130.062452352
12 130.062258446
12 129.833795947
12 130.126513361
12 130.012574291
12 129.987907349
12 130.101573036
12 130.005774886
12 129.825640444
12 130.163840911
12 130.153652678
12 129.823575089
12 130.098757607
12 130.083274216
12 130.155383737
12 129.96325439
12 130.159770773
12 129.812984668
12 130.070930111
12 130.025788127
12 130.075462782
12 130.099641834
12 130.147216249
12 130.011101808
12 129.706431136
12 130.067086063
12 129.958878
12 129.72846858
12 129.751312873
12 129.908379926
12 129.827451944
12 129.721383751
12 129.757168183
12 130.150205066
12 129.983033762
12 129.984046215
12 129.86488333
12 129.895715197
12 129.824839058
12 129.979022466
12 129.959348371
12 129.916398691
12 130.071794099
12 129.8246568
12 130.0420115
12 129.928043854
12 129.732944925
12 129.985482998
12 130.062451674
12 130.062258446
12 129.833808653
12 130.126500628
12 130.012545346
12 129.987891385
12 130.101588486
12 130.005819557
12 129.82560351
12 130.163822389
12 130.153643242
12 129.823574677
12 130.098722713
12 130.083293544
12 130.155372031
12 129.963230766
12 130.159761785
12 129.813033311
12 130.07095534
12 130.025799637
12 130.075372775
12 130.099614619
12 130.147355036
12 130.011078634
12 129.706345544
12 130.066959924
12 129.958896381
12 129.728419511
12 129.751413058
12 129.908391981
12 129.827404517
12 129.721433744
12 129.757147033
12 130.150219816
12 129.982965434
12 129.98403738
12 129.864823965
12 129.895755761
12 129.824802638
12 129.97893213
12 129.959298163
12 129.916410997
12 130.071876216
12 129.824737061
12 130.042056916
12 129.927885243
12 129.732926588
12 129.985451377
12 130.062606139
12 130.062287911
12 129.833769938
12 130.126519956
12 130.012504105
12 129.9878763
12 130.101661201
12 130.005713898
12 129.825638931
12 130.16383609
12 130.153717297
12 129.823603627
12 130.098769098
12 130.083170051
12 130.155369398
12 129.963454589
12 130.159862954
12 129.812990722
12 130.070732713
12 130.025940287
12 130.075479146
12 130.099667159
12 130.147195409
12 130.011140176
12 129.706454363
12 130.067068655
12 129.958841841
12 129.728466368
12 129.751312873
12 129.908450155
12 129.827320437
12 129.721403857
12 129.757058033
12 130.150222335
12 129.982959237
12 129.984062858
12 129.864835919
12 129.895756397
12 129.824817801
12 129.979024488
12 129.959319141
12 129.916423895
12 130.071787801
12 129.824748841
12 130.042036279
12 129.927904643
12 129.732955043
12 129.985451377
12 130.062605461
12 130.062287911
12 129.833782644
12 130.126507223
12 130.01247516
12 129.987860336
12 130.101676651
12 130.005758568
12 129.825601997
12 130.163817568
12 130.15370786
12 129.823603215
12 130.098734204
12 130.083189379
12 130.155357692
12 129.963430966
12 130.159853966
12 129.813039365
12 130.070757942
12 130.025951797
12 130.075389139
12 130.099639944
12 130.147334196
12 130.011117002
12 129.70636877
12 130.066942516
12 129.958860222
12 129.728417299
12 129.751413058
12 129.908462209
12 129.827273009
12 129.72145385
12 129.757036883
12 130.150290116
12 129.983108865
12 129.983949049
12 129.864839908
12 129.895679518
12 129.824859297
12 129.979032214
12 129.95933953
12 129.91635698
12 130.071853785
12 129.824688236
12 130.042040727
12 129.928005387
12 129.732963689
12 129.985498319
12 130.062446057
12 130.062258446
12 129.833820418
12 130.126387218
12 130.012574291
12 129.98800908
12 130.101619753
12 130.005734531
12 129.825692096
12 130.163842515
12 130.153646184
12 129.823562373
12 130.09870651
12 130.0832706
12 130.155396587
12 129.963193253
12 130.159770773
12 129.813015519
12 130.070955904
12 130.025824275
12 130.07547522
12 130.099489245
12 130.147285706
12 130.011085292
12 129.706404216
12 130.067149114
12 129.958679235
12 129.728669027
12 129.751308959
12 129.908482305
12 129.827427692
12 129.721347496
12 129.757130646
12 130.150292635
12 129.983102668
12 129.983974527
12 129.864851863
12 129.895680154
12 129.82487446
12 129.979124573
12 129.959360508
12 129.916369879
12 130.071765369
12 129.824700016
12 130.042020091
12 129.928024787
12 129.732992145
12 129.985498319
12 130.062445378
12 130.062258446
12 129.833833124
12 130.126374485
12 130.012545346
12 129.987993117
12 130.101635204
12 130.005779202
12 129.825655162
12 130.163823993
12 130.153636748
12 129.823561961
12 130.098671616
12 130.083289928
12 130.155384881
12 129.96316963
12 130.159761785
12 129.813064163
12 130.070981133
12 130.025835785
12 130.075385213
12 130.09946203
12 130.147424493
12 130.011062118
12 129.706318623
12 130.067022974
12 129.958697616
12 129.728619958
12 129.751409144
12 129.90849436
12 129.827380264
12 129.721397488
12 129.757109496
12 130.150307385
12 129.98303434
12 129.983965692
12 129.864792498
12 129.895720718
12 129.824838041
12 129.979034236
12 129.9593103
12 129.916382185
12 130.071847487
12 129.824780277
12 130.042065507
12 129.927866176
12 129.732973807
12 129.985466698
12 130.062599844
12 130.062287911
12 129.833794409
12 130.126393813
12 130.012504105
12 129.987978031
12 130.101707919
12 130.005673542
12 129.825690583
12 130.163837694
12 130.153710803
12 129.823590911
12 130.098718
12 130.083166436
12 130.155382249
12 129.963393453
12 130.159862954
12 129.813021573
12 130.070758507
12 130.025976435
12 130.075491584
12 130.09951457
12 130.147264866
12 130.01112366
12 129.706427443
12 130.067131706
12 129.958643076
12 129.728666815
12 129.751308959
12 129.908552534
12 129.827296184
12 129.721367602
12 129.757020497
12 130.150309904
12 129.983028143
12 129.983991171
12 129.864804452
12 129.895721354
12 129.824853204
12 129.979126595
12 129.959331278
12 129.916395083
12 130.071759071
12 129.824792057
12 130.04204487
12 129.927885576
12 129.733002263
12 129.985466698
12 130.062599165
12 130.062287911
12 129.833807115
12 130.12638108
12 130.01247516
12 129.987962068
12 130.101723369
12 130.005718213
12 129.825653649
12 130.163819172
12 130.153701366
12 129.823590499
12 130.098683106
12 130.083185763
12 130.155370543
12 129.963369829
12 130.159853966
12 129.813070217
12 130.070783736
12 130.025987945
12 130.075401577
12 130.099487355
12 130.147403653
12 130.011100486
12 129.70634185
12 130.067005567
12 129.958661457
12 129.728617746
12 129.751409144
12 129.908564588
12 129.827248757
12 129.721417594
12 129.756999347
